function cm = zsmap
% Colormap for Z-score data
cm = [	0	0	1.0000;
	0.0369	0.0369	0.9987;
	0.0738	0.0738	0.9973;
	0.1108	0.1108	0.9960;
	0.1477	0.1477	0.9946;
	0.1846	0.1846	0.9933;
	0.2215	0.2215	0.9919;
	0.2585	0.2585	0.9906;
	0.2954	0.2954	0.9892;
	0.3323	0.3323	0.9879;
	0.3692	0.3692	0.9865;
	0.4062	0.4062	0.9852;
	0.4431	0.4431	0.9838;
	0.4800	0.4800	0.9825;
	0.5169	0.5169	0.9812;
	0.5538	0.5538	0.9798;
	0.5908	0.5908	0.9785;
	0.6277	0.6277	0.9771;
	0.6646	0.6646	0.9758;
	0.7015	0.7015	0.9744;
	0.7385	0.7385	0.9731;
	0.7754	0.7754	0.9717;
	0.8123	0.8123	0.9704;
	0.8492	0.8492	0.9690;
	0.8862	0.8862	0.9677;
	0.9231	0.9231	0.9663;
	1.0000	1.0000	1.0000;
	1.0000	1.0000	1.0000;
	1.0000	1.0000	1.0000;
	1.0000	1.0000	1.0000;
	1.0000	1.0000	1.0000;
	1.0000	1.0000	1.0000;
	1.0000	1.0000	1.0000;
	1.0000	1.0000	1.0000;
	1.0000	1.0000	1.0000;
	1.0000	1.0000	1.0000;
	1.0000	1.0000	1.0000;
	1.0000	1.0000	1.0000;
	1.0000	1.0000	1.0000;
	0.9800	0.9600	0.9600;
	0.9808	0.9200	0.9200;
	0.9817	0.8800	0.8800;
	0.9825	0.8400	0.8400;
	0.9833	0.8000	0.8000;
	0.9842	0.7600	0.7600;
	0.9850	0.7200	0.7200;
	0.9858	0.6800	0.6800;
	0.9867	0.6400	0.6400;
	0.9875	0.6000	0.6000;
	0.9883	0.5600	0.5600;
	0.9892	0.5200	0.5200;
	0.9900	0.4800	0.4800;
	0.9908	0.4400	0.4400;
	0.9917	0.4000	0.4000;
	0.9925	0.3600	0.3600;
	0.9933	0.3200	0.3200;
	0.9942	0.2800	0.2800;
	0.9950	0.2400	0.2400;
	0.9958	0.2000	0.2000;
	0.9967	0.1600	0.1600;
	0.9975	0.1200	0.1200;
	0.9983	0.0800	0.0800;
	0.9992	0.0400	0.0400;
	1.0000	0	0];
end