function cm = ccmap
% Colormap for correlation data with abs(values) < at 0.2 set to white
% set caxis to [-1,1]. 
cm = [0         0    1.0000
    0.0342    0.0342    0.9988
    0.0684    0.0684    0.9975
    0.1026    0.1026    0.9963
    0.1368    0.1368    0.9950
    0.1709    0.1709    0.9938
    0.2051    0.2051    0.9925
    0.2393    0.2393    0.9913
    0.2735    0.2735    0.9900
    0.3077    0.3077    0.9888
    0.3419    0.3419    0.9875
    0.3761    0.3761    0.9863
    0.4103    0.4103    0.9850
    0.4445    0.4445    0.9838
    0.4786    0.4786    0.9825
    0.5128    0.5128    0.9813
    0.5470    0.5470    0.9800
    0.5812    0.5812    0.9788
    0.6154    0.6154    0.9775
    0.6496    0.6496    0.9763
    0.6838    0.6838    0.9750
    0.7180    0.7180    0.9738
    0.7522    0.7522    0.9725
    0.7863    0.7863    0.9713
    0.8205    0.8205    0.9700
    0.8547    0.8547    0.9688
    0.8889    0.8889    0.9675
    0.9231    0.9231    0.9663
    1.0000    1.0000    1.0000
    1.0000    1.0000    1.0000
    1.0000    1.0000    1.0000
    1.0000    1.0000    1.0000
    1.0000    1.0000    1.0000
    1.0000    1.0000    1.0000
    1.0000    1.0000    1.0000
    1.0000    1.0000    1.0000
    1.0000    1.0000    1.0000
    0.9800    0.9600    0.9600
    0.9808    0.9231    0.9231
    0.9815    0.8862    0.8862
    0.9823    0.8492    0.8492
    0.9831    0.8123    0.8123
    0.9838    0.7754    0.7754
    0.9846    0.7385    0.7385
    0.9854    0.7015    0.7015
    0.9862    0.6646    0.6646
    0.9869    0.6277    0.6277
    0.9877    0.5908    0.5908
    0.9885    0.5538    0.5538
    0.9892    0.5169    0.5169
    0.9900    0.4800    0.4800
    0.9908    0.4431    0.4431
    0.9915    0.4062    0.4062
    0.9923    0.3692    0.3692
    0.9931    0.3323    0.3323
    0.9938    0.2954    0.2954
    0.9946    0.2585    0.2585
    0.9954    0.2215    0.2215
    0.9962    0.1846    0.1846
    0.9969    0.1477    0.1477
    0.9977    0.1108    0.1108
    0.9985    0.0738    0.0738
    0.9992    0.0369    0.0369
    1.0000         0         0];
end