function cm = rankpointmap80
% RANKPOINTMAP90 Colormap for data scaled +/- 100 with a threshold at +/-
% 80

cm = [         0    0.1647    0.9020
    0.1373    0.2784    0.9104
    0.2745    0.3922    0.9188
    0.4118    0.5059    0.9272
    0.5490    0.6196    0.9356
    0.6863    0.7333    0.9440
    0.8235    0.8471    0.9524
    0.9608    0.9608    0.9608
    0.9616    0.9616    0.9616
    0.9624    0.9624    0.9624
    0.9632    0.9632    0.9632
    0.9639    0.9639    0.9639
    0.9647    0.9647    0.9647
    0.9655    0.9655    0.9655
    0.9663    0.9663    0.9663
    0.9671    0.9671    0.9671
    0.9679    0.9679    0.9679
    0.9686    0.9686    0.9686
    0.9694    0.9694    0.9694
    0.9702    0.9702    0.9702
    0.9710    0.9710    0.9710
    0.9718    0.9718    0.9718
    0.9726    0.9726    0.9726
    0.9733    0.9733    0.9733
    0.9741    0.9741    0.9741
    0.9749    0.9749    0.9749
    0.9757    0.9757    0.9757
    0.9765    0.9765    0.9765
    0.9773    0.9773    0.9773
    0.9780    0.9780    0.9780
    0.9788    0.9788    0.9788
    0.9796    0.9796    0.9796
    0.9804    0.9804    0.9804
    0.9812    0.9812    0.9812
    0.9820    0.9820    0.9820
    0.9828    0.9828    0.9828
    0.9835    0.9835    0.9835
    0.9843    0.9843    0.9843
    0.9851    0.9851    0.9851
    0.9859    0.9859    0.9859
    0.9867    0.9867    0.9867
    0.9875    0.9875    0.9875
    0.9882    0.9882    0.9882
    0.9890    0.9890    0.9890
    0.9898    0.9898    0.9898
    0.9906    0.9906    0.9906
    0.9914    0.9914    0.9914
    0.9922    0.9922    0.9922
    0.9929    0.9929    0.9929
    0.9937    0.9937    0.9937
    0.9945    0.9945    0.9945
    0.9953    0.9953    0.9953
    0.9961    0.9961    0.9961
    0.9969    0.9969    0.9969
    0.9976    0.9976    0.9976
    0.9984    0.9984    0.9984
    0.9992    0.9992    0.9992
    1.0000    1.0000    1.0000
    0.9837    0.8608    0.8333
    0.9673    0.7216    0.6667
    0.9510    0.5824    0.5000
    0.9347    0.4431    0.3333
    0.9183    0.3039    0.1667
    0.9020    0.1647         0
];