function cm = rankpointmap
% RANKPOINTMAP Multihue colormap for rank points ranging from [-100, +100].
% See also rankpointmap_dualhue for a colorblind-safe dual color map.

cm = [ 0    0.1647    0.9020
    0.0298    0.2139    0.8418
    0.0596    0.2630    0.7817
    0.0894    0.3122    0.7216
    0.1192    0.3613    0.6614
    0.1490    0.4105    0.6013
    0.1788    0.4596    0.5412
    0.2086    0.5088    0.4810
    0.2384    0.5579    0.4209
    0.2682    0.6071    0.3608
    0.2980    0.6562    0.3007
    0.3278    0.7054    0.2405
    0.3576    0.7545    0.1804
    0.3875    0.8037    0.1203
    0.4173    0.8528    0.0601
    0.4471    0.9020         0
    0.9608    0.9608    0.9608
    0.9608    0.9608    0.9608
    0.9608    0.9608    0.9608
    0.9608    0.9608    0.9608
    0.9608    0.9608    0.9608
    0.9608    0.9608    0.9608
    0.9608    0.9608    0.9608
    0.9608    0.9608    0.9608
    0.9608    0.9608    0.9608
    0.9608    0.9608    0.9608
    0.9608    0.9608    0.9608
    0.9608    0.9608    0.9608
    0.9608    0.9608    0.9608
    0.9608    0.9608    0.9608
    0.9608    0.9608    0.9608
    0.9608    0.9608    0.9608
    0.9608    0.9608    0.9608
    0.9608    0.9608    0.9608
    0.9608    0.9608    0.9608
    0.9608    0.9608    0.9608
    0.9608    0.9608    0.9608
    0.9608    0.9608    0.9608
    0.9608    0.9608    0.9608
    0.9608    0.9608    0.9608
    0.9608    0.9608    0.9608
    0.9608    0.9608    0.9608
    0.9608    0.9608    0.9608
    0.9608    0.9608    0.9608
    0.9608    0.9608    0.9608
    0.9608    0.9608    0.9608
    0.9608    0.9608    0.9608
    0.9608    0.9608    0.9608
    0.9020    0.8863         0
    0.9020    0.8382         0
    0.9020    0.7901         0
    0.9020    0.7420         0
    0.9020    0.6939         0
    0.9020    0.6458         0
    0.9020    0.5976         0
    0.9020    0.5495         0
    0.9020    0.5014         0
    0.9020    0.4533         0
    0.9020    0.4052         0
    0.9020    0.3571         0
    0.9020    0.3090         0
    0.9020    0.2609         0
    0.9020    0.2128         0
    0.9020    0.1647         0];