function cm = rankpointmap_dualhue
% RANKPOINTMAP_DUALHUE Dual colormap for rank points ranging from [-100, +100].
% See also rankpointmap for a multihue color map.

cm = [    0.4471         0    0.9020
    0.4792    0.0600    0.9056
    0.5113    0.1201    0.9093
    0.5434    0.1801    0.9130
    0.5755    0.2402    0.9167
    0.6076    0.3002    0.9203
    0.6397    0.3603    0.9240
    0.6718    0.4203    0.9277
    0.7039    0.4804    0.9314
    0.7360    0.5404    0.9350
    0.7681    0.6005    0.9387
    0.8002    0.6605    0.9424
    0.8324    0.7206    0.9461
    0.8645    0.7806    0.9498
    0.8966    0.8407    0.9534
    0.9287    0.9007    0.9571
    0.9608    0.9608    0.9608
    0.9608    0.9608    0.9608
    0.9608    0.9608    0.9608
    0.9608    0.9608    0.9608
    0.9608    0.9608    0.9608
    0.9608    0.9608    0.9608
    0.9608    0.9608    0.9608
    0.9608    0.9608    0.9608
    0.9608    0.9608    0.9608
    0.9608    0.9608    0.9608
    0.9608    0.9608    0.9608
    0.9608    0.9608    0.9608
    0.9608    0.9608    0.9608
    0.9608    0.9608    0.9608
    0.9608    0.9608    0.9608
    0.9608    0.9608    0.9608
    0.9608    0.9608    0.9608
    0.9608    0.9608    0.9608
    0.9608    0.9608    0.9608
    0.9608    0.9608    0.9608
    0.9608    0.9608    0.9608
    0.9608    0.9608    0.9608
    0.9608    0.9608    0.9608
    0.9608    0.9608    0.9608
    0.9608    0.9608    0.9608
    0.9608    0.9608    0.9608
    0.9608    0.9608    0.9608
    0.9608    0.9608    0.9608
    0.9608    0.9608    0.9608
    0.9608    0.9608    0.9608
    0.9608    0.9608    0.9608
    0.9608    0.9608    0.9608
    0.9571    0.9392    0.9007
    0.9534    0.9176    0.8407
    0.9498    0.8961    0.7806
    0.9461    0.8745    0.7206
    0.9424    0.8529    0.6605
    0.9387    0.8314    0.6005
    0.9350    0.8098    0.5404
    0.9314    0.7882    0.4804
    0.9277    0.7667    0.4203
    0.9240    0.7451    0.3603
    0.9203    0.7235    0.3002
    0.9167    0.7020    0.2402
    0.9130    0.6804    0.1801
    0.9093    0.6588    0.1201
    0.9056    0.6373    0.0600
    0.9020    0.6157         0];