function cm = rankpointmap90
% RANKPOINTMAP90 Colormap for data scaled +/- 100 with a threshold at +/-
% 90

cm = [        0    0.1647    0.9020
    0.2402    0.3637    0.9167
    0.4804    0.5627    0.9314
    0.7206    0.7618    0.9461
    0.9608    0.9608    0.9608
    0.9615    0.9615    0.9615
    0.9622    0.9622    0.9622
    0.9629    0.9629    0.9629
    0.9637    0.9637    0.9637
    0.9644    0.9644    0.9644
    0.9651    0.9651    0.9651
    0.9658    0.9658    0.9658
    0.9665    0.9665    0.9665
    0.9672    0.9672    0.9672
    0.9679    0.9679    0.9679
    0.9686    0.9686    0.9686
    0.9694    0.9694    0.9694
    0.9701    0.9701    0.9701
    0.9708    0.9708    0.9708
    0.9715    0.9715    0.9715
    0.9722    0.9722    0.9722
    0.9729    0.9729    0.9729
    0.9736    0.9736    0.9736
    0.9743    0.9743    0.9743
    0.9751    0.9751    0.9751
    0.9758    0.9758    0.9758
    0.9765    0.9765    0.9765
    0.9772    0.9772    0.9772
    0.9779    0.9779    0.9779
    0.9786    0.9786    0.9786
    0.9793    0.9793    0.9793
    0.9800    0.9800    0.9800
    0.9808    0.9808    0.9808
    0.9815    0.9815    0.9815
    0.9822    0.9822    0.9822
    0.9829    0.9829    0.9829
    0.9836    0.9836    0.9836
    0.9843    0.9843    0.9843
    0.9850    0.9850    0.9850
    0.9857    0.9857    0.9857
    0.9865    0.9865    0.9865
    0.9872    0.9872    0.9872
    0.9879    0.9879    0.9879
    0.9886    0.9886    0.9886
    0.9893    0.9893    0.9893
    0.9900    0.9900    0.9900
    0.9907    0.9907    0.9907
    0.9914    0.9914    0.9914
    0.9922    0.9922    0.9922
    0.9929    0.9929    0.9929
    0.9936    0.9936    0.9936
    0.9943    0.9943    0.9943
    0.9950    0.9950    0.9950
    0.9957    0.9957    0.9957
    0.9964    0.9964    0.9964
    0.9971    0.9971    0.9971
    0.9979    0.9979    0.9979
    0.9986    0.9986    0.9986
    0.9993    0.9993    0.9993
    1.0000    1.0000    1.0000
    0.9755    0.7912    0.7500
    0.9510    0.5824    0.5000
    0.9265    0.3735    0.2500
    0.9020    0.1647         0];