function b = taumap_redblue70
%TAUMAP_REDBLUE70 Colormap for connectivity tau scores at threshold of 70

b = [0.5020    0.5020    0.5020
    0.0314    0.3176    0.6118
    0.0902    0.3651    0.6389
    0.1490    0.4125    0.6659
    0.2079    0.4600    0.6930
    0.2667    0.5074    0.7200
    0.3255    0.5549    0.7471
    0.3843    0.6024    0.7742
    0.4431    0.6498    0.8012
    0.5020    0.6973    0.8283
    0.5608    0.7447    0.8553
    0.6196    0.7922    0.8824
    0.6545    0.8079    0.8881
    0.6893    0.8236    0.8937
    0.7242    0.8392    0.8994
    0.7590    0.8549    0.9050
    0.7939    0.8706    0.9107
    0.8287    0.8863    0.9163
    0.8636    0.9019    0.9220
    0.8984    0.9176    0.9276
    0.9333    0.9333    0.9333
    0.9333    0.9333    0.9333
    0.9333    0.9333    0.9333
    0.9333    0.9333    0.9333
    0.9333    0.9333    0.9333
    0.9333    0.9333    0.9333
    0.9333    0.9333    0.9333
    0.9333    0.9333    0.9333
    0.9333    0.9333    0.9333
    0.9333    0.9333    0.9333
    0.9333    0.9333    0.9333
    0.9333    0.9333    0.9333
    0.9333    0.9333    0.9333
    0.9333    0.9333    0.9333
    0.9333    0.9333    0.9333
    0.9333    0.9333    0.9333
    0.9333    0.9333    0.9333
    0.9333    0.9333    0.9333
    0.9333    0.9333    0.9333
    0.9333    0.9333    0.9333
    0.9333    0.9333    0.9333
    0.9333    0.9333    0.9333
    0.9333    0.9333    0.9333
    0.9333    0.9333    0.9333
    0.9333    0.9333    0.9333
    0.9333    0.9333    0.9333
    0.9333    0.9333    0.9333
    0.9333    0.9333    0.9333
    0.9333    0.9333    0.9333
    0.9333    0.9333    0.9333
    0.9333    0.9333    0.9333
    0.9333    0.9333    0.9333
    0.9333    0.9333    0.9333
    0.9333    0.9333    0.9333
    0.9333    0.9333    0.9333
    0.9333    0.9333    0.9333
    0.9333    0.9333    0.9333
    0.9333    0.9333    0.9333
    0.9333    0.9333    0.9333
    0.9333    0.9333    0.9333
    0.9333    0.9333    0.9333
    0.9333    0.9333    0.9333
    0.9333    0.9333    0.9333
    0.9333    0.9333    0.9333
    0.9333    0.9333    0.9333
    0.9333    0.9333    0.9333
    0.9333    0.9333    0.9333
    0.9333    0.9333    0.9333
    0.9333    0.9333    0.9333
    0.9333    0.9333    0.9333
    0.9333    0.9333    0.9333
    0.9333    0.9333    0.9333
    0.9333    0.9333    0.9333
    0.9333    0.9333    0.9333
    0.9333    0.9333    0.9333
    0.9333    0.9333    0.9333
    0.9333    0.9333    0.9333
    0.9333    0.9333    0.9333
    0.9333    0.9333    0.9333
    0.9333    0.9333    0.9333
    0.9333    0.9333    0.9333
    0.9333    0.9333    0.9333
    0.9333    0.9333    0.9333
    0.9333    0.9333    0.9333
    0.9333    0.9333    0.9333
    0.9333    0.9333    0.9333
    0.9333    0.9333    0.9333
    0.9333    0.9333    0.9333
    0.9333    0.9333    0.9333
    0.9333    0.9333    0.9333
    0.9333    0.9333    0.9333
    0.9333    0.9333    0.9333
    0.9333    0.9333    0.9333
    0.9333    0.9333    0.9333
    0.9333    0.9333    0.9333
    0.9333    0.9333    0.9333
    0.9333    0.9333    0.9333
    0.9333    0.9333    0.9333
    0.9333    0.9333    0.9333
    0.9333    0.9333    0.9333
    0.9333    0.9333    0.9333
    0.9333    0.9333    0.9333
    0.9333    0.9333    0.9333
    0.9333    0.9333    0.9333
    0.9333    0.9333    0.9333
    0.9333    0.9333    0.9333
    0.9333    0.9333    0.9333
    0.9333    0.9333    0.9333
    0.9333    0.9333    0.9333
    0.9333    0.9333    0.9333
    0.9333    0.9333    0.9333
    0.9388    0.8972    0.8847
    0.9443    0.8611    0.8361
    0.9498    0.8251    0.7874
    0.9553    0.7890    0.7388
    0.9607    0.7529    0.6902
    0.9662    0.7168    0.6416
    0.9717    0.6807    0.5930
    0.9772    0.6447    0.5443
    0.9827    0.6086    0.4957
    0.9882    0.5725    0.4471
    0.9541    0.5211    0.4106
    0.9200    0.4698    0.3742
    0.8859    0.4184    0.3377
    0.8518    0.3670    0.3012
    0.8176    0.3156    0.2648
    0.7835    0.2643    0.2283
    0.7494    0.2129    0.1918
    0.7153    0.1615    0.1553
    0.6812    0.1102    0.1189
    0.6471    0.0588    0.0824];